42
obtained
952
62 
74
92
958
43
87
764
82
58
74
53
64
21
93
obtained
91
65
949
53
68
48
35
33
obtained
obtained
obtained
51
52
7
44
25
79
95
51
66
778
53
9443
63
428
60
778
78
37
84
85
18
94
58
61
84
31
311
49
66
53
5435
67
effected
90
90
47
47
67
579
228
42
94
24
86
642 
86
73
80 
986
97
35
897
592
obtained
54
77
62
61
obtained
70
940
850
610
100
550
888
99
67
459
36
32
using
obtained
91
79
61
61
81
92
991
564
660
99
99
obtained
39
39
87
740
80
56
82
98
98
48
40
70
16
695
84
89
87
382
382
74
74
48
76
83
29
87
52
95
36
58
94
94
obtained
84
68
obtained
68
94
63
39
74
16
16
80
91
60
971
89
89
89
89
89
obtained
62
96
622
45
438
751
84
84
84
84
84
724
32
73
92
69
452
91
28
85
78
99
55 
67
78
72
obtained
70
89
96
96
60
92
87
673
99
62
80
29
55
71
655
25
90
96
obtained
using
90
60 
62
96
45
14
14
obtained
63
540
70
65
95
95
85
42
12
41
isolated
isolated
isolated
isolated
29
847
91
obtained
obtained
37
37
37
37
37
37
83
50
95
80
obtained
99
15
obtained
49
49
84
69
967
obtained
42
640 
490
300
61
450
580
710
72
86
7
89 
44
96
44
16
27
74
40
85
72
70
74
90
756
14
38
81
89
96
80
4524
4524
obtained
89
81
29
74
74
55
66
59
59
38
65
5287 
obtained
28
489
971
734
978
53
53
100
74
58
54
452
21
87
20
obtained
38
6791
70
80
80
58
77
99
75
73
obtained
100
37
79
15
54
64
obtained
23
100
67
67
67
67
80
58
100
70
53
841
402
96
88
94
obtained
656
100
902
89
95
969
72
80
using
364
89
51
100
83
83
91
59
68
933
obtained
79
59
60
using
74
14
14
14
77
46
52
60
19
58
73
940
850
610
100
550
888
91
100
781
35
recovered
94
effected
65
25 
15
25
90
56
54
91
91
60
obtained
obtained
44
81
56
12
84
38
33
54
obtained
60
obtained
465 
465 
465 
47
93
8125
82
206
50
86
90
10
77
94
605
15
74
prepared
99
obtained
95
22
66
97
71
23
46
66
52
39
465
85
47
22
97
obtained
obtained
76
781 
obtained
combined
66
68
46
531
23
93
43
74
62
828
346
86
56
75
obtained
79
90
940 
99
80
42
89
85
69
76
obtained
6170
97
54
53
21
17
49
96
243
77
88
84
163
35
obtained
54
94
70
68
68
21
29
30
52
52
52
58
98
62
86
82
82
82
32
67
94
isolated
isolated
isolated
60
93
62
47
85
314
obtained
reacting
28
66
89
93
85
478
83
41
58
38
82
401
30
100
obtained
27
81
58
84
27
49
58
224
obtained
75
48
100
97
47 
20
76
75
obtained
455
814
884
633
26
15
94
65
81
49
92
21
827
40
74
92
92
797
29
69
37 
85
99
29
83
86
89
74
92
82
82
effected
607
90
76
536
99
96
60
41
41
84
363
363
88
72
72
845
obtained
51
20
62
35
20
840
90
78
96
73
using
576
94 
80
24
82
60
62
60
65
obtained
88
85
14
642
recovered
32
83
79
5
20
46
80
91 
28
64
67
66
88
660
564
991
18
115
40
obtained
91
677
831
58
610
646
41 
69
99
58
obtained
86
57
20
42
736
68
obtained
obtained
36
617
obtained
544 
80
49
871 
64
37
100
31
71
71
using
85
62
973
67
67
22
74
258
913
86
91
96
62
937
42
1487
66
325
27
66
70
50
528
recovered
85
97
86
61
isolated
72
71
41
38
75 
76
54
489
522
31
14
862
3
3
91
91
935
using
obtained
41
7989
7989
77
64
28
24
86
76
227
62
84
94
108
62
55
86
718
95
743
93
isolated
47
isolated
isolated
isolated
972
957
quantitative
666
966
494
235
48
82
10
42
78
93
97
97
97
84
40
73
82
279
560
79
31
98
87
16
27 
91
62
obtained
57
441
95
961
79
32
36
782
7919
48
75
25
66
4501
38
609
86
93
93
3
715
53
50
50
890
45
68
81
81
253
34
conducted
83
51
97
173
173
173
173
77
obtained
78
75
53
92
75
50
849
obtained
58
9
98
23
53
53
53
3721
70
70
70
70
70
10
91
91
70
51
17
65
58
48
obtained
48
78
744
82
82
52
90
6
09
55
55
55
19
668
66
899
661
714
766
98
525
388
94
721 
907
53
85
57
obtained
76
973
26
26
95
82
obtained
51
84
84
25
90
46
721 
71
145
86
515
42 
83
67
52
51
54
91
86
70
87
76
obtained
87
91
60
55
21
31
31
707
560
640
quantitative
124
540
8501
83
64
513
48
98
92
22
22
65
6736
2
42
63
83
95
96
obtained
87
92
using
obtained
56
546
63
90
51
58
22
24
556
88
27
69
obtained
476
87
55
94
61 
94
obtained
89
3687
99
75
98
68
68
65
75
obtained
85
100
quant
249
39
276
159
64
263
858
748
855
44
54
68
345
933 
31
71
99
70
86
24
81
343
45
635
32
30
30
30
