0
3
11
1
4
20
2
4
13
3
2
15
4
4
22
5
14
18
6
7
15
7
7
38
8
2
7
9
9
11
10
12
20
11
10
20
12
6
18
13
17
20
14
0
10
15
2
18
16
3
14
17
6
8
18
0
14
19
9
16
20
0
24
21
2
16
22
6
26
23
5
20
24
10
17
25
2
22
26
6
14
27
4
5
29
7
19
30
17
30
31
0
9
32
2
15
33
4
9
34
9
18
35
2
15
36
16
21
37
14
27
38
0
21
39
8
14
40
16
21
41
7
13
42
8
21
44
3
29
45
7
21
47
9
18
48
2
28
49
6
17
51
19
23
52
2
11
54
4
32
55
12
18
56
10
20
58
0
23
59
12
30
60
2
9
62
16
25
63
11
36
64
14
28
65
2
22
66
8
26
68
15
32
69
7
12
69
7
13
69
7
14
70
5
8
70
5
9
77
10
29
79
4
23
80
7
10
81
11
29
87
10
19
88
29
37
89
7
11
90
14
32
92
24
27
94
3
24
95
11
24
96
4
28
97
6
25
98
19
24
99
9
20
100
22
28
102
0
30
103
14
16
104
6
17
105
18
25
106
7
14
108
6
8
108
6
9
110
26
93
110
55
96
110
25
106
110
10
114
110
67
115
110
56
121
111
17
25
112
6
24
114
8
24
115
8
25
118
8
36
120
0
8
120
0
9
121
19
22
124
9
21
125
15
23
125
15
24
126
6
18
127
14
21
129
21
41
129
16
44
129
28
48
130
12
15
130
12
16
130
12
17
131
12
26
131
12
30
132
2
22
133
6
19
135
9
20
138
9
20
139
12
25
140
5
12
140
5
14
142
11
24
145
2
21
146
16
29
147
9
16
151
2
12
153
11
23
155
5
15
157
0
9
158
1
9
158
1
10
160
7
9
160
7
10
163
6
23
166
7
21
167
4
17
168
23
40
172
14
18
174
1
5
177
16
19
181
5
6
185
3
18
190
15
18
190
15
22
191
12
19
192
11
18
193
8
10
193
8
11
194
7
22
195
13
25
198
4
25
200
0
15
202
14
26
204
7
12
204
7
13
206
17
18
207
12
26
208
14
28
209
9
14
211
8
15
211
8
17
211
8
18
211
8
19
211
8
20
212
4
17
215
15
23
217
3
21
222
13
16
225
22
27
227
11
19
229
4
11
231
10
13
231
10
14
231
10
15
231
10
16
231
10
19
232
8
11
233
12
29
234
3
12
236
2
7
237
15
22
238
12
26
240
1
21
241
4
20
242
28
73
243
9
34
244
10
15
245
0
24
246
7
10
248
6
19
250
7
12
252
1
16
254
1
20
256
0
23
258
5
9
258
5
10
260
21
25
261
2
23
264
15
24
265
20
26
267
7
24
272
16
30
273
4
7
274
4
17
275
4
7
277
5
16
278
2
18
280
3
21
281
15
25
283
8
15
285
0
8
285
0
9
286
1
15
289
1
28
290
2
21
291
11
24
292
24
34
297
26
29
297
26
30
297
6
34
297
27
38
299
2
17
301
21
25
302
10
17
303
7
10
303
7
11
304
5
15
305
8
12
309
3
18
310
8
24
311
27
100
311
48
113
311
0
114
311
32
127
311
46
131
312
1
16
313
3
26
314
17
22
315
11
26
316
1
17
316
1
18
316
1
19
316
1
20
316
1
21
316
1
24
317
13
20
318
1
32
319
9
23
320
10
29
321
8
18
322
27
34
328
4
13
329
2
28
333
4
9
333
4
10
334
12
19
335
13
21
338
22
36
339
8
10
343
1
19
344
22
140
344
107
142
344
67
146
344
6
154
344
96
162
344
113
167
344
118
171
345
5
26
348
4
31
349
6
16
350
11
16
351
13
25
352
8
21
353
20
29
354
13
18
358
1
16
360
20
31
361
4
23
362
15
20
365
12
23
366
15
18
367
8
18
368
4
21
369
1
8
370
11
21
372
13
18
375
4
7
376
6
18
378
19
22
380
11
28
381
9
14
381
9
16
382
3
19
383
1
46
387
9
22
388
2
24
392
5
9
392
5
10
394
5
15
400
6
13
401
3
6
401
3
7
402
16
23
403
8
21
406
24
35
409
18
22
410
21
29
411
22
38
411
32
43
411
2
53
412
17
24
413
0
7
413
0
8
414
0
15
416
16
22
417
0
29
421
1
31
422
4
40
426
2
20
428
1
23
430
4
20
431
7
10
431
7
11
432
8
24
434
20
31
436
10
12
436
10
13
440
10
22
443
1
19
445
0
16
447
2
23
449
0
19
452
2
7
453
11
17
455
1
17
456
29
32
458
15
37
459
17
19
460
5
25
461
12
23
462
6
15
463
0
16
466
5
21
466
5
22
466
5
23
466
5
24
467
24
30
468
4
17
470
5
24
471
21
30
472
12
19
474
13
23
475
0
16
476
2
29
477
5
18
481
7
15
482
24
30
484
7
13
485
1
9
486
7
19
488
8
33
489
4
31
490
12
27
492
17
26
493
4
7
493
4
8
495
21
34
496
0
17
497
18
23
502
10
21
503
12
19
503
12
21
507
14
25
508
0
20
509
14
18
511
19
25
512
9
26
514
9
23
515
17
34
517
11
22
521
6
8
521
6
9
522
11
12
522
11
15
522
11
16
523
6
17
524
1
50
526
6
15
527
9
21
528
2
20
529
21
34
531
14
31
532
24
91
532
53
94
532
22
103
532
9
111
532
65
112
532
54
118
533
11
36
534
5
21
535
20
33
536
1
22
537
10
26
539
10
26
540
0
7
540
0
8
541
12
30
542
4
7
543
10
19
544
8
18
545
10
23
546
4
15
550
5
8
550
5
9
551
2
20
553
10
41
555
0
8
555
0
9
556
6
19
561
3
16
562
26
38
563
11
19
567
8
17
569
4
24
569
17
26
569
2
34
570
9
14
570
9
15
571
6
17
571
6
18
571
6
20
572
15
37
573
14
23
574
12
36
576
7
22
578
10
21
579
6
35
580
6
22
581
1
25
582
19
28
583
0
23
585
9
19
586
7
20
589
1
15
590
8
26
591
6
9
592
7
15
595
15
21
596
14
21
598
16
28
599
10
21
602
9
12
603
7
21
604
0
22
607
2
20
608
11
23
611
3
34
613
21
24
614
15
23
615
14
21
616
3
24
617
16
21
618
16
20
619
16
19
621
1
32
622
17
21
624
0
23
625
5
17
626
3
32
628
10
26
629
5
23
630
12
32
631
21
30
633
24
32
637
4
22
638
17
41
639
7
13
640
12
18
642
11
21
646
2
16
647
11
25
651
7
24
658
4
22
659
13
23
660
20
24
663
24
40
665
16
23
666
18
24
668
15
17
669
7
30
670
16
27
671
13
19
672
5
15
675
6
20
679
10
18
680
8
18
682
0
14
684
6
9
686
1
23
688
14
45
691
20
25
692
0
39
693
5
22
694
28
45
696
3
27
698
9
23
699
11
22
701
18
40
702
1
9
702
1
10
704
6
13
705
23
27
706
8
11
707
8
17
707
8
19
708
12
27
711
8
19
712
18
24
714
3
7
714
3
8
715
7
15
716
2
13
717
20
26
718
1
27
719
7
18
720
3
9
720
3
10
720
3
11
722
1
7
724
10
18
728
8
17
729
10
65
729
24
73
729
21
84
732
1
22
733
5
17
736
5
11
737
17
25
738
12
27
739
0
19
742
3
5
742
3
6
743
8
24
745
2
19
753
7
13
754
6
15
757
2
23
758
8
9
761
8
11
762
36
47
763
9
24
766
10
19
767
11
18
771
22
32
772
16
24
774
10
20
775
4
8
776
7
15
778
2
7
779
14
22
781
0
21
783
1
24
787
9
26
790
27
40
792
0
18
793
16
37
794
2
16
796
11
17
797
13
17
798
8
18
801
21
27
802
13
20
803
9
17
807
6
16
808
12
20
809
12
16
810
21
40
810
18
46
810
38
49
811
2
17
812
5
18
814
13
17
818
5
8
819
10
29
821
8
17
822
14
18
823
0
48
825
0
8
826
20
29
831
15
21
833
4
20
833
4
28
834
14
20
835
4
29
837
5
13
838
9
40
839
2
17
840
8
20
842
12
20
843
23
31
844
12
22
845
11
24
848
7
17
849
6
21
851
0
7
851
0
8
851
0
9
855
2
21
860
7
16
861
5
35
867
0
19
868
1
13
870
17
25
872
13
24
873
5
7
873
5
8
874
2
7
876
2
8
876
2
9
878
7
14
879
3
8
879
3
9
881
13
24
888
6
8
888
6
9
889
9
20
890
14
21
891
2
7
892
3
16
894
1
16
896
10
11
897
9
20
903
0
13
907
0
7
907
0
8
908
2
16
911
17
24
912
9
31
913
13
19
914
21
32
916
10
21
917
0
15
920
6
12
921
6
13
924
2
16
925
13
16
927
3
42
928
8
22
929
7
67
930
13
33
931
16
20
933
4
21
934
13
33
937
11
20
941
15
23
942
11
19
943
15
31
945
9
24
946
6
18
947
4
24
948
10
17
949
1
23
950
16
29
951
33
49
951
13
51
951
26
54
954
11
17
955
4
18
956
6
15
957
1
12
961
9
17
962
8
23
963
6
13
964
14
18
966
11
17
968
21
24
972
0
6
973
16
19
974
5
9
977
1
24
983
0
6
984
3
22
985
4
10
986
5
9
987
22
32
988
18
19
990
7
10
992
0
7
993
3
6
994
11
23
996
5
33
998
1
13
1000
12
25
1003
16
25
1005
6
29
1007
5
18
1008
1
18
1009
11
31
1010
9
21
1011
13
23
1012
15
22
1012
15
27
1013
5
7
1013
5
8
1015
12
20
1016
24
34
1018
5
9
1018
5
10
1020
3
25
1021
12
17
1024
3
10
1027
10
15
1030
9
22
1031
4
16
1033
8
15
1034
8
34
1035
9
22
1036
1
4
1037
17
22
1038
26
34
1039
12
31
1041
10
16
1042
15
30
1044
16
23
1045
28
44
1046
12
35
1047
3
33
1048
7
19
1049
4
21
1050
1
5
1051
2
22
1052
3
18
1053
16
27
1055
3
4
1060
3
23
1061
3
15
1062
8
25
1064
10
27
1065
1
7
1067
16
17
1068
6
19
1069
2
15
1071
0
14
1074
15
22
1075
2
9
1075
2
11
1076
4
19
1076
4
21
1077
11
25
1079
3
8
1079
3
9
1080
9
31
1081
8
10
1081
8
13
1082
7
27
1084
7
23
1086
0
18
1088
6
33
1092
2
25
1096
20
25
1099
4
11
1101
8
23
1102
9
18
1104
4
28
1106
1
18
1107
11
15
1109
10
20
1111
9
24
1112
4
8
1113
16
33
1114
0
21
1119
7
17
1122
8
84
1122
40
104
1122
80
115
1122
27
122
1122
82
123
1123
31
108
1123
24
128
1123
1
132
1123
16
145
1123
104
151
1123
64
155
1123
19
161
1124
10
24
1125
21
35
1126
14
23
1128
1
22
1131
2
25
1133
15
25
1134
7
11
1134
7
12
1136
4
8
1137
9
21
1138
3
17
1141
14
20
1142
7
16
1143
5
34
1146
2
20
1147
14
20
1148
0
8
1150
5
17
1151
0
16
1152
6
9
1155
3
24
1158
12
17
1159
4
7
1160
5
8
1160
5
9
1163
5
10
1165
7
18
1166
2
16
1170
8
14
1171
26
35
1174
0
13
1175
0
17
1176
19
33
1179
8
19
1180
3
28
1181
0
10
1185
15
17
1187
4
11
1189
7
20
1195
24
27
1198
10
34
1199
1
19
1199
1
21
1200
6
20
1204
6
23
1207
2
19
1208
8
11
1211
6
17
1214
7
19
1215
3
22
1218
4
16
1219
9
28
1219
9
31
1223
15
22
1228
3
9
1228
3
10
1229
16
22
1230
3
22
1232
12
15
1233
7
18
1233
7
19
1233
7
21
1233
7
23
1236
19
27
1237
5
7
1238
0
20
1239
1
25
1241
2
14
1242
13
14
1243
2
20
1244
13
24
1246
8
14
1249
4
8
1252
7
19
1255
13
29
1261
2
19
1264
12
22
1265
13
15
1265
13
18
1265
13
19
1267
5
16
1268
9
13
1268
9
14
1268
9
15
1268
9
16
1268
9
17
1270
0
6
1274
18
26
1274
18
28
1277
9
12
1278
17
29
1280
6
28
1281
21
25
1282
13
19
1284
8
25
1284
17
28
1285
9
24
1288
11
25
1289
2
53
1291
5
9
1291
5
10
1293
2
13
1294
9
11
1297
12
17
1298
5
22
1299
9
13
1299
9
15
1299
9
16
1304
7
20
1305
9
30
1306
9
18
1307
13
62
1307
30
69
1307
5
73
1307
50
88
1308
11
14
1309
7
23
1311
8
33
1313
4
6
1314
7
17
1316
14
22
1317
8
24
1319
13
18
1320
17
20
1321
3
8
1323
19
27
1324
3
14
1325
6
7
1325
6
8
1327
16
25
1328
12
23
1329
2
10
1329
2
11
1330
4
12
1330
4
13
1331
1
9
1332
2
20
1333
1
16
1336
15
19
1338
8
19
1340
19
27
1341
14
22
1345
18
26
1346
21
26
1347
23
33
1348
24
33
1350
13
15
1352
23
38
1353
2
23
1357
12
23
1358
7
24
1360
1
21
1363
13
20
1364
4
16
1370
4
8
1371
10
13
1373
3
18
1374
20
27
1375
4
16
1376
4
5
1377
5
9
1377
5
10
1378
55
79
1378
37
88
1378
24
89
1378
56
96
1378
23
98
1378
14
105
1380
4
11
1385
6
24
1386
5
15
1387
8
22
1388
7
25
1389
18
21
1390
12
19
1391
5
9
1391
5
10
1392
6
21
1394
12
35
1397
6
8
1398
19
28
1399
10
16
1404
30
40
1405
0
19
1407
2
10
1407
2
11
1408
4
8
1409
2
7
1412
0
8
1412
0
9
1415
5
20
1416
7
23
1417
15
19
1418
0
27
1419
3
30
1420
4
9
1421
9
22
1422
10
27
1423
1
31
1424
8
26
1425
15
27
1426
17
25
1427
1
7
1429
8
11
1430
4
15
1432
21
24
1435
2
15
1437
17
29
1438
7
21
1440
6
10
1440
6
11
1441
0
12
1442
8
11
1443
3
21
1444
11
22
1445
5
8
1445
5
9
1446
8
18
1448
8
23
1451
7
8
1452
8
18
1454
9
13
1454
12
13
1455
4
11
1456
10
43
1457
6
27
1458
15
17
1460
3
25
1464
7
9
1466
17
26
1467
10
20
1468
5
23
1469
4
15
1471
1
15
1472
19
27
1481
11
25
1482
10
26
1484
21
30
1485
11
20
1487
10
18
1488
14
17
1489
7
23
1491
6
20
1492
16
28
1493
4
7
1494
11
13
1496
9
24
1497
5
22
1499
1
12
1499
1
14
1499
1
16
